-9.100000000000000000e+01 0.000000000000000000e+00 0.000000000000000000e+00 0.000000000000000000e+00
-9.000000000000000000e+01 0.000000000000000000e+00 7.500000000000000000e+01 0.000000000000000000e+00
-9.300000000000000000e+01 1.000000000000000000e+00 7.500000000000000000e+01 0.000000000000000000e+00
-8.900000000000000000e+01 1.000000000000000000e+00 7.500000000000000000e+01 0.000000000000000000e+00
-9.100000000000000000e+01 1.000000000000000000e+00 7.500000000000000000e+01 0.000000000000000000e+00
-8.900000000000000000e+01 3.000000000000000000e+00 7.500000000000000000e+01 -3.000000000000000000e+00
-9.100000000000000000e+01 3.000000000000000000e+00 7.500000000000000000e+01 -4.000000000000000000e+00
-9.100000000000000000e+01 5.000000000000000000e+00 7.500000000000000000e+01 -3.000000000000000000e+00
-9.200000000000000000e+01 5.000000000000000000e+00 7.500000000000000000e+01 -3.000000000000000000e+00
-9.100000000000000000e+01 6.000000000000000000e+00 7.500000000000000000e+01 -3.000000000000000000e+00
-9.200000000000000000e+01 5.000000000000000000e+00 7.500000000000000000e+01 -5.000000000000000000e+00
-9.100000000000000000e+01 7.000000000000000000e+00 7.500000000000000000e+01 -5.000000000000000000e+00
-9.100000000000000000e+01 7.000000000000000000e+00 7.500000000000000000e+01 -6.000000000000000000e+00
-9.100000000000000000e+01 9.000000000000000000e+00 7.500000000000000000e+01 -7.000000000000000000e+00
-9.100000000000000000e+01 1.000000000000000000e+01 7.500000000000000000e+01 -7.000000000000000000e+00
-8.900000000000000000e+01 1.100000000000000000e+01 7.500000000000000000e+01 -7.000000000000000000e+00
-9.200000000000000000e+01 1.100000000000000000e+01 7.500000000000000000e+01 -9.000000000000000000e+00
-9.100000000000000000e+01 1.100000000000000000e+01 7.500000000000000000e+01 -8.000000000000000000e+00
-9.100000000000000000e+01 1.300000000000000000e+01 7.500000000000000000e+01 -8.000000000000000000e+00
-9.100000000000000000e+01 1.400000000000000000e+01 7.500000000000000000e+01 -1.100000000000000000e+01
-9.100000000000000000e+01 1.400000000000000000e+01 7.500000000000000000e+01 -1.100000000000000000e+01
-9.100000000000000000e+01 1.500000000000000000e+01 7.500000000000000000e+01 -1.200000000000000000e+01
-9.100000000000000000e+01 1.600000000000000000e+01 7.500000000000000000e+01 -1.200000000000000000e+01
-9.100000000000000000e+01 1.700000000000000000e+01 7.500000000000000000e+01 -1.300000000000000000e+01
-9.100000000000000000e+01 1.700000000000000000e+01 7.500000000000000000e+01 -1.300000000000000000e+01
-9.100000000000000000e+01 1.700000000000000000e+01 7.500000000000000000e+01 -1.300000000000000000e+01
-9.100000000000000000e+01 1.900000000000000000e+01 7.500000000000000000e+01 -1.300000000000000000e+01
-9.100000000000000000e+01 2.100000000000000000e+01 7.600000000000000000e+01 -1.600000000000000000e+01
-9.100000000000000000e+01 2.000000000000000000e+01 7.600000000000000000e+01 -1.600000000000000000e+01
-9.100000000000000000e+01 2.100000000000000000e+01 7.600000000000000000e+01 -1.700000000000000000e+01
-9.100000000000000000e+01 2.100000000000000000e+01 7.600000000000000000e+01 -1.800000000000000000e+01
-9.100000000000000000e+01 2.100000000000000000e+01 7.600000000000000000e+01 -1.700000000000000000e+01
-9.100000000000000000e+01 2.300000000000000000e+01 7.600000000000000000e+01 -2.000000000000000000e+01
-9.100000000000000000e+01 2.300000000000000000e+01 7.600000000000000000e+01 -2.000000000000000000e+01
-9.100000000000000000e+01 2.500000000000000000e+01 7.600000000000000000e+01 -2.000000000000000000e+01
-9.100000000000000000e+01 2.400000000000000000e+01 7.600000000000000000e+01 -2.000000000000000000e+01
-9.100000000000000000e+01 2.500000000000000000e+01 7.600000000000000000e+01 -2.300000000000000000e+01
-9.100000000000000000e+01 2.500000000000000000e+01 7.600000000000000000e+01 -2.300000000000000000e+01
-9.100000000000000000e+01 2.600000000000000000e+01 7.600000000000000000e+01 -2.300000000000000000e+01
-9.100000000000000000e+01 2.500000000000000000e+01 7.600000000000000000e+01 -2.400000000000000000e+01
-9.100000000000000000e+01 2.800000000000000000e+01 7.600000000000000000e+01 -2.400000000000000000e+01
-9.100000000000000000e+01 2.700000000000000000e+01 7.600000000000000000e+01 -2.600000000000000000e+01
-9.100000000000000000e+01 2.800000000000000000e+01 7.600000000000000000e+01 -2.600000000000000000e+01
-9.100000000000000000e+01 2.800000000000000000e+01 7.600000000000000000e+01 -2.900000000000000000e+01
-8.900000000000000000e+01 2.800000000000000000e+01 7.600000000000000000e+01 -2.800000000000000000e+01
-8.900000000000000000e+01 2.800000000000000000e+01 7.600000000000000000e+01 -2.800000000000000000e+01
-8.900000000000000000e+01 2.800000000000000000e+01 7.600000000000000000e+01 -2.900000000000000000e+01
-8.900000000000000000e+01 3.000000000000000000e+01 7.600000000000000000e+01 -2.900000000000000000e+01
-8.900000000000000000e+01 2.900000000000000000e+01 7.600000000000000000e+01 -2.900000000000000000e+01
-8.900000000000000000e+01 2.900000000000000000e+01 7.600000000000000000e+01 -2.900000000000000000e+01
-8.900000000000000000e+01 2.900000000000000000e+01 7.600000000000000000e+01 -2.900000000000000000e+01
-8.900000000000000000e+01 2.900000000000000000e+01 7.600000000000000000e+01 -2.900000000000000000e+01
-8.900000000000000000e+01 2.900000000000000000e+01 7.600000000000000000e+01 -2.900000000000000000e+01
-8.900000000000000000e+01 3.100000000000000000e+01 7.600000000000000000e+01 -2.900000000000000000e+01
-8.900000000000000000e+01 3.000000000000000000e+01 7.600000000000000000e+01 -2.900000000000000000e+01
-8.900000000000000000e+01 3.000000000000000000e+01 7.600000000000000000e+01 -2.900000000000000000e+01
-8.900000000000000000e+01 3.100000000000000000e+01 7.600000000000000000e+01 -2.900000000000000000e+01
-8.900000000000000000e+01 3.100000000000000000e+01 7.600000000000000000e+01 -2.900000000000000000e+01
-8.900000000000000000e+01 3.100000000000000000e+01 7.600000000000000000e+01 -2.900000000000000000e+01
-8.900000000000000000e+01 3.000000000000000000e+01 7.600000000000000000e+01 -2.900000000000000000e+01
-8.900000000000000000e+01 3.000000000000000000e+01 7.600000000000000000e+01 -2.900000000000000000e+01
-8.900000000000000000e+01 3.000000000000000000e+01 7.600000000000000000e+01 -2.900000000000000000e+01
-8.900000000000000000e+01 3.000000000000000000e+01 7.600000000000000000e+01 -2.900000000000000000e+01
-8.900000000000000000e+01 3.100000000000000000e+01 7.600000000000000000e+01 -2.900000000000000000e+01
-8.900000000000000000e+01 3.100000000000000000e+01 7.600000000000000000e+01 -2.900000000000000000e+01
-8.900000000000000000e+01 3.100000000000000000e+01 7.600000000000000000e+01 -2.900000000000000000e+01
-8.900000000000000000e+01 3.000000000000000000e+01 7.600000000000000000e+01 -2.900000000000000000e+01
-8.900000000000000000e+01 3.000000000000000000e+01 7.600000000000000000e+01 -2.900000000000000000e+01
-8.900000000000000000e+01 3.000000000000000000e+01 7.600000000000000000e+01 -2.900000000000000000e+01
-8.900000000000000000e+01 3.100000000000000000e+01 7.600000000000000000e+01 -2.900000000000000000e+01
-8.900000000000000000e+01 3.000000000000000000e+01 7.600000000000000000e+01 -2.900000000000000000e+01
-8.900000000000000000e+01 3.100000000000000000e+01 7.600000000000000000e+01 -2.900000000000000000e+01
-8.900000000000000000e+01 3.000000000000000000e+01 7.600000000000000000e+01 -2.900000000000000000e+01
-8.900000000000000000e+01 3.100000000000000000e+01 7.600000000000000000e+01 -2.900000000000000000e+01
-8.900000000000000000e+01 3.000000000000000000e+01 7.600000000000000000e+01 -2.900000000000000000e+01
-8.900000000000000000e+01 3.100000000000000000e+01 7.600000000000000000e+01 -2.900000000000000000e+01
-8.900000000000000000e+01 3.000000000000000000e+01 7.600000000000000000e+01 -2.900000000000000000e+01
-8.900000000000000000e+01 3.000000000000000000e+01 7.600000000000000000e+01 -2.900000000000000000e+01
-8.900000000000000000e+01 2.900000000000000000e+01 7.600000000000000000e+01 -2.900000000000000000e+01
-8.900000000000000000e+01 3.000000000000000000e+01 7.600000000000000000e+01 -2.900000000000000000e+01
-8.900000000000000000e+01 2.900000000000000000e+01 7.600000000000000000e+01 -2.900000000000000000e+01
-8.900000000000000000e+01 3.100000000000000000e+01 7.600000000000000000e+01 -2.900000000000000000e+01
-8.900000000000000000e+01 3.000000000000000000e+01 7.600000000000000000e+01 -2.900000000000000000e+01
-8.900000000000000000e+01 2.900000000000000000e+01 7.600000000000000000e+01 -2.900000000000000000e+01
-8.900000000000000000e+01 3.100000000000000000e+01 7.600000000000000000e+01 -2.900000000000000000e+01
-8.900000000000000000e+01 3.000000000000000000e+01 7.600000000000000000e+01 -2.900000000000000000e+01
-8.900000000000000000e+01 3.000000000000000000e+01 7.600000000000000000e+01 -2.900000000000000000e+01
-8.900000000000000000e+01 3.100000000000000000e+01 7.600000000000000000e+01 -2.900000000000000000e+01
-8.900000000000000000e+01 3.000000000000000000e+01 7.600000000000000000e+01 -2.900000000000000000e+01
-8.900000000000000000e+01 3.000000000000000000e+01 7.600000000000000000e+01 -2.900000000000000000e+01
-8.900000000000000000e+01 3.100000000000000000e+01 7.600000000000000000e+01 -2.900000000000000000e+01
-8.900000000000000000e+01 3.000000000000000000e+01 7.600000000000000000e+01 -2.900000000000000000e+01
-8.900000000000000000e+01 3.000000000000000000e+01 7.600000000000000000e+01 -2.900000000000000000e+01
-8.900000000000000000e+01 3.000000000000000000e+01 7.600000000000000000e+01 -2.900000000000000000e+01
-8.900000000000000000e+01 3.000000000000000000e+01 7.600000000000000000e+01 -2.900000000000000000e+01
-8.900000000000000000e+01 3.000000000000000000e+01 7.600000000000000000e+01 -2.900000000000000000e+01
-8.900000000000000000e+01 3.000000000000000000e+01 7.600000000000000000e+01 -2.900000000000000000e+01
-8.900000000000000000e+01 3.100000000000000000e+01 7.600000000000000000e+01 -2.900000000000000000e+01
-8.900000000000000000e+01 3.100000000000000000e+01 7.600000000000000000e+01 -2.900000000000000000e+01
-8.900000000000000000e+01 3.000000000000000000e+01 7.600000000000000000e+01 -2.900000000000000000e+01
-8.900000000000000000e+01 3.000000000000000000e+01 7.600000000000000000e+01 -2.900000000000000000e+01
-8.900000000000000000e+01 3.100000000000000000e+01 7.600000000000000000e+01 -2.900000000000000000e+01
-8.900000000000000000e+01 3.000000000000000000e+01 7.600000000000000000e+01 -2.900000000000000000e+01
-8.900000000000000000e+01 3.100000000000000000e+01 7.600000000000000000e+01 -2.900000000000000000e+01
-8.900000000000000000e+01 3.000000000000000000e+01 7.600000000000000000e+01 -2.900000000000000000e+01
-8.900000000000000000e+01 3.000000000000000000e+01 7.600000000000000000e+01 -2.900000000000000000e+01
-8.900000000000000000e+01 3.000000000000000000e+01 7.600000000000000000e+01 -2.900000000000000000e+01
-8.900000000000000000e+01 3.100000000000000000e+01 7.600000000000000000e+01 -2.900000000000000000e+01
-8.900000000000000000e+01 3.100000000000000000e+01 7.600000000000000000e+01 -2.900000000000000000e+01
-8.900000000000000000e+01 3.200000000000000000e+01 7.600000000000000000e+01 -2.900000000000000000e+01
-8.900000000000000000e+01 3.100000000000000000e+01 7.600000000000000000e+01 -2.900000000000000000e+01
-8.900000000000000000e+01 3.100000000000000000e+01 7.600000000000000000e+01 -2.900000000000000000e+01
-8.900000000000000000e+01 3.100000000000000000e+01 7.600000000000000000e+01 -2.900000000000000000e+01
-8.900000000000000000e+01 3.100000000000000000e+01 7.600000000000000000e+01 -2.900000000000000000e+01
-8.900000000000000000e+01 3.100000000000000000e+01 7.600000000000000000e+01 -2.900000000000000000e+01
-8.900000000000000000e+01 3.200000000000000000e+01 7.600000000000000000e+01 -2.900000000000000000e+01
-8.900000000000000000e+01 3.200000000000000000e+01 7.600000000000000000e+01 -2.900000000000000000e+01
-8.900000000000000000e+01 3.200000000000000000e+01 7.600000000000000000e+01 -2.900000000000000000e+01
-8.900000000000000000e+01 3.200000000000000000e+01 7.600000000000000000e+01 -2.900000000000000000e+01
-8.900000000000000000e+01 3.200000000000000000e+01 7.600000000000000000e+01 -2.900000000000000000e+01
-8.900000000000000000e+01 3.200000000000000000e+01 7.600000000000000000e+01 -2.900000000000000000e+01
-8.900000000000000000e+01 3.300000000000000000e+01 7.600000000000000000e+01 -2.900000000000000000e+01
-8.900000000000000000e+01 3.100000000000000000e+01 7.600000000000000000e+01 -2.900000000000000000e+01
-8.900000000000000000e+01 3.300000000000000000e+01 7.600000000000000000e+01 -2.900000000000000000e+01
-8.900000000000000000e+01 3.300000000000000000e+01 7.600000000000000000e+01 -2.900000000000000000e+01
-8.900000000000000000e+01 3.300000000000000000e+01 7.600000000000000000e+01 -2.900000000000000000e+01
-8.900000000000000000e+01 3.500000000000000000e+01 7.600000000000000000e+01 -2.900000000000000000e+01
-8.900000000000000000e+01 3.400000000000000000e+01 7.600000000000000000e+01 -2.900000000000000000e+01
-8.900000000000000000e+01 3.400000000000000000e+01 7.600000000000000000e+01 -2.900000000000000000e+01
-8.900000000000000000e+01 3.400000000000000000e+01 7.600000000000000000e+01 -2.900000000000000000e+01
-8.900000000000000000e+01 3.400000000000000000e+01 7.600000000000000000e+01 -2.900000000000000000e+01
-8.900000000000000000e+01 3.400000000000000000e+01 7.600000000000000000e+01 -2.900000000000000000e+01
-8.900000000000000000e+01 3.500000000000000000e+01 7.600000000000000000e+01 -2.900000000000000000e+01
-8.900000000000000000e+01 3.400000000000000000e+01 7.600000000000000000e+01 -2.900000000000000000e+01
-8.900000000000000000e+01 3.600000000000000000e+01 7.600000000000000000e+01 -2.900000000000000000e+01
-8.900000000000000000e+01 3.500000000000000000e+01 7.600000000000000000e+01 -2.900000000000000000e+01
-8.900000000000000000e+01 3.500000000000000000e+01 7.600000000000000000e+01 -2.900000000000000000e+01
-8.900000000000000000e+01 3.500000000000000000e+01 7.600000000000000000e+01 -2.900000000000000000e+01
-8.900000000000000000e+01 3.600000000000000000e+01 7.600000000000000000e+01 -2.900000000000000000e+01
-8.900000000000000000e+01 3.600000000000000000e+01 7.600000000000000000e+01 -2.900000000000000000e+01
-9.100000000000000000e+01 3.600000000000000000e+01 7.600000000000000000e+01 -2.900000000000000000e+01
-9.100000000000000000e+01 3.600000000000000000e+01 7.600000000000000000e+01 -2.900000000000000000e+01
-9.100000000000000000e+01 3.600000000000000000e+01 7.600000000000000000e+01 -2.900000000000000000e+01
-9.300000000000000000e+01 3.600000000000000000e+01 7.600000000000000000e+01 -2.900000000000000000e+01
-9.200000000000000000e+01 3.600000000000000000e+01 7.600000000000000000e+01 -2.900000000000000000e+01
-9.200000000000000000e+01 3.600000000000000000e+01 7.600000000000000000e+01 -2.900000000000000000e+01
-9.400000000000000000e+01 3.600000000000000000e+01 7.600000000000000000e+01 -2.900000000000000000e+01
-9.700000000000000000e+01 3.600000000000000000e+01 7.600000000000000000e+01 -2.900000000000000000e+01
-9.700000000000000000e+01 3.600000000000000000e+01 7.600000000000000000e+01 -2.900000000000000000e+01
-9.700000000000000000e+01 3.600000000000000000e+01 7.600000000000000000e+01 -2.900000000000000000e+01
-9.700000000000000000e+01 3.600000000000000000e+01 7.600000000000000000e+01 -2.900000000000000000e+01
-9.700000000000000000e+01 3.600000000000000000e+01 7.600000000000000000e+01 -2.900000000000000000e+01
-9.900000000000000000e+01 3.600000000000000000e+01 7.600000000000000000e+01 -2.900000000000000000e+01
-9.900000000000000000e+01 3.600000000000000000e+01 7.600000000000000000e+01 -2.900000000000000000e+01
-9.900000000000000000e+01 3.600000000000000000e+01 7.600000000000000000e+01 -2.900000000000000000e+01
-9.700000000000000000e+01 3.600000000000000000e+01 7.600000000000000000e+01 -2.900000000000000000e+01
-1.000000000000000000e+02 3.600000000000000000e+01 7.600000000000000000e+01 -2.900000000000000000e+01
-1.000000000000000000e+02 3.600000000000000000e+01 7.600000000000000000e+01 -2.900000000000000000e+01
-1.000000000000000000e+02 3.600000000000000000e+01 7.600000000000000000e+01 -2.900000000000000000e+01
-1.010000000000000000e+02 3.600000000000000000e+01 7.600000000000000000e+01 -2.900000000000000000e+01
-1.010000000000000000e+02 3.600000000000000000e+01 7.600000000000000000e+01 -2.900000000000000000e+01
-1.020000000000000000e+02 3.600000000000000000e+01 7.600000000000000000e+01 -2.900000000000000000e+01
-1.040000000000000000e+02 3.600000000000000000e+01 7.600000000000000000e+01 -2.900000000000000000e+01
-1.040000000000000000e+02 3.600000000000000000e+01 7.600000000000000000e+01 -2.900000000000000000e+01
-1.040000000000000000e+02 3.600000000000000000e+01 7.600000000000000000e+01 -2.900000000000000000e+01
-1.040000000000000000e+02 3.600000000000000000e+01 7.600000000000000000e+01 -2.900000000000000000e+01
-1.070000000000000000e+02 3.400000000000000000e+01 7.600000000000000000e+01 -2.900000000000000000e+01
-1.040000000000000000e+02 3.500000000000000000e+01 7.600000000000000000e+01 -2.900000000000000000e+01
-1.060000000000000000e+02 3.500000000000000000e+01 7.600000000000000000e+01 -2.900000000000000000e+01
-1.060000000000000000e+02 3.500000000000000000e+01 7.600000000000000000e+01 -2.900000000000000000e+01
-1.090000000000000000e+02 3.500000000000000000e+01 7.600000000000000000e+01 -2.900000000000000000e+01
-1.070000000000000000e+02 3.500000000000000000e+01 7.600000000000000000e+01 -2.900000000000000000e+01
-1.080000000000000000e+02 3.400000000000000000e+01 7.600000000000000000e+01 -2.900000000000000000e+01
-1.080000000000000000e+02 3.400000000000000000e+01 7.600000000000000000e+01 -2.900000000000000000e+01
-1.090000000000000000e+02 3.400000000000000000e+01 7.600000000000000000e+01 -2.900000000000000000e+01
-1.090000000000000000e+02 3.400000000000000000e+01 7.600000000000000000e+01 -2.900000000000000000e+01
-1.090000000000000000e+02 3.400000000000000000e+01 7.600000000000000000e+01 -2.900000000000000000e+01
-1.110000000000000000e+02 3.400000000000000000e+01 7.600000000000000000e+01 -2.900000000000000000e+01
-1.100000000000000000e+02 3.100000000000000000e+01 7.600000000000000000e+01 -2.900000000000000000e+01
-1.100000000000000000e+02 3.300000000000000000e+01 7.600000000000000000e+01 -2.900000000000000000e+01
-1.110000000000000000e+02 3.300000000000000000e+01 7.600000000000000000e+01 -2.900000000000000000e+01
-1.110000000000000000e+02 3.300000000000000000e+01 7.600000000000000000e+01 -2.900000000000000000e+01
-1.110000000000000000e+02 3.300000000000000000e+01 7.600000000000000000e+01 -2.900000000000000000e+01
-1.130000000000000000e+02 3.300000000000000000e+01 7.600000000000000000e+01 -2.900000000000000000e+01
-1.110000000000000000e+02 3.300000000000000000e+01 7.600000000000000000e+01 -2.900000000000000000e+01
-1.130000000000000000e+02 3.100000000000000000e+01 7.600000000000000000e+01 -2.900000000000000000e+01
-1.140000000000000000e+02 3.200000000000000000e+01 7.600000000000000000e+01 -2.900000000000000000e+01
-1.130000000000000000e+02 3.200000000000000000e+01 7.600000000000000000e+01 -2.900000000000000000e+01
-1.130000000000000000e+02 3.200000000000000000e+01 7.600000000000000000e+01 -2.900000000000000000e+01
-1.130000000000000000e+02 3.200000000000000000e+01 7.600000000000000000e+01 -2.900000000000000000e+01
-1.130000000000000000e+02 3.200000000000000000e+01 7.600000000000000000e+01 -2.900000000000000000e+01
-1.150000000000000000e+02 3.200000000000000000e+01 7.600000000000000000e+01 -2.900000000000000000e+01
-1.140000000000000000e+02 3.200000000000000000e+01 7.600000000000000000e+01 -2.900000000000000000e+01
-1.140000000000000000e+02 3.200000000000000000e+01 7.600000000000000000e+01 -2.900000000000000000e+01
-1.140000000000000000e+02 3.000000000000000000e+01 7.600000000000000000e+01 -2.900000000000000000e+01
-1.140000000000000000e+02 3.100000000000000000e+01 7.600000000000000000e+01 -2.900000000000000000e+01
-1.140000000000000000e+02 3.100000000000000000e+01 7.600000000000000000e+01 -2.900000000000000000e+01
-1.140000000000000000e+02 3.100000000000000000e+01 7.600000000000000000e+01 -2.900000000000000000e+01
-1.140000000000000000e+02 3.100000000000000000e+01 7.600000000000000000e+01 -2.900000000000000000e+01
-1.140000000000000000e+02 3.100000000000000000e+01 7.600000000000000000e+01 -2.900000000000000000e+01
-1.140000000000000000e+02 3.100000000000000000e+01 7.600000000000000000e+01 -2.900000000000000000e+01
