1.570796326794896558e+00 0.000000000000000000e+00 -2.356194490192344837e+00 0.000000000000000000e+00
1.570796326794896558e+00 -3.222765696925084314e-03 -2.356194490192344837e+00 3.619310057190603530e-03
1.570624518931611036e+00 -7.267597297588427631e-03 -2.355179097617176698e+00 6.545129428471150278e-03
1.570444852066723129e+00 -1.134930551861197678e-02 -2.354105618526935118e+00 9.464656882910826158e-03
1.570113340819093262e+00 -1.614562879347811869e-02 -2.352130627524390949e+00 1.178054384676125582e-02
1.569763082896074469e+00 -2.100358452763980213e-02 -2.350029418153730010e+00 1.406114440166470955e-02
1.569277268206448417e+00 -2.647997549426449673e-02 -2.347122784603066226e+00 1.582091581417350429e-02
1.568763574401480954e+00 -3.202790882875515555e-02 -2.344039184853748736e+00 1.753185651447718152e-02
1.568127398353666768e+00 -3.810676994827819075e-02 -2.340232125214377401e+00 1.879889490222732065e-02
1.567455549483055544e+00 -4.425546830646484575e-02 -2.336211559138325011e+00 2.001539695114535125e-02
1.566671510513815146e+00 -5.085441169544011736e-02 -2.331538272859278393e+00 2.085964368334349700e-02
1.565845024749899839e+00 -5.751246157509633250e-02 -2.326626532527979574e+00 2.166039094558551772e-02
1.564914266334896054e+00 -6.454563159017688567e-02 -2.321123859968328595e+00 2.215545972749644044e-02
1.563935079024077135e+00 -7.162028851124470352e-02 -2.315367213446233752e+00 2.262014100921570792e-02
1.562857550867501555e+00 -7.899968774342550071e-02 -2.309074240794680488e+00 2.284059248351018659e-02
1.561726256049621897e+00 -8.639788324038147338e-02 -2.302519401934170151e+00 2.304754837506376927e-02
1.560500937537209865e+00 -9.403473944770275594e-02 -2.295477031589573169e+00 2.306637716900420895e-02
1.559217078161854175e+00 -1.016642199260646140e-01 -2.288171030121279426e+00 2.309042643981160103e-02
1.557842248376881233e+00 -1.094704056662069713e-01 -2.280421537742247207e+00 2.297682046014706478e-02
1.556404638306742694e+00 -1.172409810320016038e-01 -2.272411525694223222e+00 2.288734259994099074e-02
1.554878174189121109e+00 -1.251304729337162358e-01 -2.263998124497278663e+00 2.270477725199529506e-02
1.553285233662037967e+00 -1.329553349253656258e-01 -2.255331150307160470e+00 2.256412341435339378e-02
1.551604917508246695e+00 -1.408456769607160097e-01 -2.246297580372222047e+00 2.236884823419922966e-02
1.549855004333138053e+00 -1.486427306285535710e-01 -2.237020356291205658e+00 2.223114057432035162e-02
1.548018823242368835e+00 -1.564564476109925883e-01 -2.227410512796520692e+00 2.207110161232092235e-02
1.546110544088350691e+00 -1.641495873654855719e-01 -2.217569195314734287e+00 2.198146064821281803e-02
1.544116966607885111e+00 -1.718154836739380076e-01 -2.207426805681837134e+00 2.189567979840742126e-02
1.542049455800769353e+00 -1.793357404389090970e-01 -2.197066803389856826e+00 2.188989270674030624e-02
1.539897674426975671e+00 -1.867900165825273906e-01 -2.186435159800240946e+00 2.190829777723668839e-02
1.537670831255357529e+00 -1.940765064689203567e-01 -2.175600978623008164e+00 2.201291078829789929e-02
1.535360963198439732e+00 -2.012636332096328362e-01 -2.164522729442660776e+00 2.215658141199587303e-02
1.532975642482956591e+00 -2.082642507898042339e-01 -2.153257861525306627e+00 2.238937085947156555e-02
1.530508884858926333e+00 -2.151375561245305879e-01 -2.141774862775520649e+00 2.267113965587043076e-02
1.527967039137216432e+00 -2.218093751437590910e-01 -2.130121722296634434e+00 2.304189281266272316e-02
1.525345778215785542e+00 -2.283313209749574801e-01 -2.118274948286208215e+00 2.346722221536666139e-02
1.522650553076820179e+00 -2.346406891557336616e-01 -2.106274854937163710e+00 2.397874382658693113e-02
1.519878430150986670e+00 -2.407828384391515752e-01 -2.094104365397793099e+00 2.454678898578500565e-02
1.517034216812953806e+00 -2.467051772781900520e-01 -2.081797574081342805e+00 2.519604380036517821e-02
1.514116155498788530e+00 -2.524478751601769710e-01 -2.069342533584750843e+00 2.590081150374546823e-02
1.511128606542022634e+00 -2.579672168790705933e-01 -2.056768307030349519e+00 2.668011676728787238e-02
1.508070807786956458e+00 -2.632990277689672975e-01 -2.044067051152954395e+00 2.751163829859990667e-02
1.504946822996219735e+00 -2.684073373553613195e-01 -2.031263770664600621e+00 2.840983132260915117e-02
1.501756734783836755e+00 -2.733242921096927791e-01 -2.018353912382402804e+00 2.935528132318856315e-02
1.498504424377871791e+00 -2.780206314393554035e-01 -2.005359220889034066e+00 3.035880325669348956e-02
1.495190693158191753e+00 -2.825253442643993473e-01 -1.992277790100507540e+00 3.140351417682268192e-02
1.491819325410755459e+00 -2.868149376515111149e-01 -1.979128761103363665e+00 3.249736914657098269e-02
1.488391735801389171e+00 -2.909156515148664246e-01 -1.965912370014159638e+00 3.362570907270306247e-02
1.484911675345897075e+00 -2.948089087102349626e-01 -1.952645695902158973e+00 3.479427544795843374e-02
1.481381083807126187e+00 -2.985185223349114403e-01 -1.939330723226968978e+00 3.599037381316207845e-02
1.477803725932315793e+00 -3.020300675634186582e-01 -1.925982916688609770e+00 3.721805969142850251e-02
1.474181993077732677e+00 -3.053651881632405973e-01 -1.912605704147902097e+00 3.846637922070273580e-02
1.470519698212671367e+00 -3.085129340042381818e-01 -1.899213306937425516e+00 3.973812630496533632e-02
1.466819623310371856e+00 -3.114929894934677646e-01 -1.885810362236459259e+00 4.102388987568347106e-02
1.463085654780104994e+00 -3.142972838396396740e-01 -1.872410156228492939e+00 4.232553841210530410e-02
1.459320914925996027e+00 -3.169437177256084759e-01 -1.859018357484203632e+00 4.363502630780508040e-02
1.455529382013718287e+00 -3.194265819337391288e-01 -1.845647573656371554e+00 4.495355889388867598e-02
1.451714477480444465e+00 -3.217621444944707698e-01 -1.832304370978645292e+00 4.627429560537275888e-02
1.447880284903472647e+00 -3.239466119756332918e-01 -1.819000892598018781e+00 4.759798000255941602e-02
1.444030491316539822e+00 -3.259947532390116143e-01 -1.805744503154401714e+00 4.891883091521117416e-02
1.440169295429068796e+00 -3.279043105460903162e-01 -1.792547059941685728e+00 5.023728218348556818e-02
1.436300622703104546e+00 -3.296886742730191777e-01 -1.779416653285926131e+00 5.154847987568200035e-02
1.432428794076804790e+00 -3.313468013387918520e-01 -1.766365003650265386e+00 5.285266086714049405e-02
1.428557951451240315e+00 -3.328908146564775739e-01 -1.753400874350084626e+00 5.414577897381674110e-02
1.424692542941766504e+00 -3.343206171084442957e-01 -1.740535972912709228e+00 5.542795606868173436e-02
1.420836908970183110e+00 -3.356471674592820809e-01 -1.727779697568474271e+00 5.669584626902035573e-02
1.416995627935033752e+00 -3.368710916550093915e-01 -1.715143845131547717e+00 5.794951467877985235e-02
1.413173223887111751e+00 -3.380022810527801291e-01 -1.702638420751584114e+00 5.918621974975013522e-02
1.409374406859347895e+00 -3.390419013548349181e-01 -1.690275393642521440e+00 6.040601008540404104e-02
1.405603871671520899e+00 -3.399988672786115051e-01 -1.678065354063126735e+00 6.160666340021445780e-02
1.401866459499013784e+00 -3.408747348310035008e-01 -1.666020509430208518e+00 6.278823872956848517e-02
1.398167024146576454e+00 -3.416775271586069418e-01 -1.654152016081510634e+00 6.394895824236677961e-02
1.394510535367320836e+00 -3.424090697743381595e-01 -1.642472369280881361e+00 6.508890866500673111e-02
1.390901994319679869e+00 -3.430765737183146813e-01 -1.630993272155953910e+00 6.620669139856460994e-02
1.387346494356290094e+00 -3.436820372198024498e-01 -1.619727541910151114e+00 6.730243130664920193e-02
1.383849171617835161e+00 -3.442319330824911705e-01 -1.608687406157304434e+00 6.837505267797670816e-02
1.380415235241468030e+00 -3.447283553795579825e-01 -1.597886022748954193e+00 6.942472435359586802e-02
1.377049942379553915e+00 -3.451771069385011770e-01 -1.587336115948923432e+00 7.045064532505136701e-02
1.373758606824918127e+00 -3.455803171524610695e-01 -1.577051187418316402e+00 7.145303132933807089e-02
1.370546590356664929e+00 -3.459431815129619392e-01 -1.567044422412934734e+00 7.243131532926803950e-02
1.367419296481272362e+00 -3.462678174678722742e-01 -1.557329653642939293e+00 7.338576122763783294e-02
1.364382172050896180e+00 -3.465588701997331933e-01 -1.547920481842407936e+00 7.431600200381091592e-02
1.361440691044115692e+00 -3.468184085411173401e-01 -1.538831041634513230e+00 7.522235030236991415e-02
1.358600361994758643e+00 -3.470505788016186588e-01 -1.530075292144827293e+00 7.610461130977770605e-02
1.355866705378916404e+00 -3.472573728294832685e-01 -1.521667624014527709e+00 7.696314700708022094e-02
1.353245263631154938e+00 -3.474424839337953985e-01 -1.513622284792291550e+00 7.779791254784165777e-02
1.350741574680898616e+00 -3.476078049270273085e-01 -1.505953858333674678e+00 7.860932039497653401e-02
1.348361182295449989e+00 -3.477566164425979212e-01 -1.498676796978572368e+00 7.939745848640551718e-02
1.346109607550950438e+00 -3.478906947923517401e-01 -1.491805798342376477e+00 8.016279186454115802e-02
1.343992357989392428e+00 -3.480129426950591687e-01 -1.485355422139400305e+00 8.090552868345016191e-02
1.342014898261732148e+00 -3.481250055473286142e-01 -1.479340384478637027e+00 8.162618992695261366e-02
1.340182657167052316e+00 -3.482294372772340441e-01 -1.473775241922460566e+00 8.232509564369058785e-02
1.338500998322313285e+00 -3.483277396025099559e-01 -1.468674619577281515e+00 8.300282764274520553e-02
1.336975224602575896e+00 -3.484221409882581888e-01 -1.464052948810777632e+00 8.365981350581266907e-02
1.335610549434827155e+00 -3.485139870399726614e-01 -1.459924642454475618e+00 8.429670250817052068e-02
1.334412098505554978e+00 -3.486051980119792004e-01 -1.456303875718206964e+00 8.491402916733928330e-02
1.333384882111950054e+00 -3.486969499909489678e-01 -1.453204719513961685e+00 8.551251886706245919e-02
1.332533794265710725e+00 -3.487908657562105441e-01 -1.450640956636047862e+00 8.609281613761299301e-02
1.331863586434726354e+00 -3.488879361425599179e-01 -1.448626182419451069e+00 8.665573340274142222e-02
1.331378864361704162e+00 -3.489894900196401362e-01 -1.447173650296315284e+00 8.720203199472258138e-02
1.331084063467570910e+00 -3.490963134314210015e-01 -1.446296347587472830e+00 8.773262497080505651e-02
1.330983443827187473e+00 -3.492094367997110593e-01 -1.446006866172077077e+00 8.824840116712413807e-02
1.331081067459841449e+00 -3.493294163362862803e-01 -1.446317460069251215e+00 8.875039103905170423e-02
1.331807976141986760e+00 -3.496642926149111097e-01 -1.446715565485882538e+00 8.920520728499707619e-02
1.332746826760423664e+00 -3.500167237014726873e-01 -1.447656575027677528e+00 8.964683437113143971e-02
1.334257401518483599e+00 -3.505601334199530128e-01 -1.448714255699225850e+00 9.004758166557605414e-02
1.336000217780267008e+00 -3.511333409863859334e-01 -1.450252140220281261e+00 9.043545148573438330e-02
1.338265190803408444e+00 -3.518767037666691855e-01 -1.451923495177147805e+00 9.078817596460186934e-02
1.340775925625274922e+00 -3.526580978221056650e-01 -1.454016594277086849e+00 9.112902758199842301e-02
1.343765748112027980e+00 -3.535911720680142700e-01 -1.456249594859142515e+00 9.144005033776383962e-02
1.347009372928083870e+00 -3.545671923712668816e-01 -1.458849393902823532e+00 9.174075262919480223e-02
1.350694297851957604e+00 -3.556781594421550841e-01 -1.461586925407034387e+00 9.201663499166441718e-02
1.354636634942266493e+00 -3.568341954775882674e-01 -1.464639258110776332e+00 9.228419117652289505e-02
1.358986772217875671e+00 -3.581096915480317389e-01 -1.467820114676400278e+00 9.253171571585999677e-02
1.363594343562239963e+00 -3.594299900299746664e-01 -1.471266298101727488e+00 9.277327307896787723e-02
1.368579686473432755e+00 -3.608551053911555062e-01 -1.474826128374234546e+00 9.299943499802290625e-02
1.373819569478222924e+00 -3.623226773222633645e-01 -1.478604027904507179e+00 9.322229678697804833e-02
1.379409991381003175e+00 -3.638809410051835336e-01 -1.482476229953793245e+00 9.343430091537166526e-02
1.385249673946059135e+00 -3.654774802985199522e-01 -1.486521254142990411e+00 9.364593726152196929e-02
1.391414894971655380e+00 -3.671508465736664228e-01 -1.490637819532496966e+00 9.385119611141920504e-02
1.397822124612007055e+00 -3.688566722920307850e-01 -1.494883846860090681e+00 9.405925058085118362e-02
1.404531649195519538e+00 -3.706255245776388096e-01 -1.499176155281854550e+00 9.426537898436868068e-02
1.411474273228880527e+00 -3.724195587850619993e-01 -1.503556396617189206e+00 9.447766708942148539e-02
1.418697300639237158e+00 -3.742627455231917200e-01 -1.507955963819088918e+00 9.469246892276907135e-02
1.426143096728491155e+00 -3.761225383949598489e-01 -1.512403765637114761e+00 9.491696470493790616e-02
1.433848408264611463e+00 -3.780174542781588598e-01 -1.516842948260703539e+00 9.514840723083670126e-02
1.441764906807852631e+00 -3.799192672798193948e-01 -1.521292542267943304e+00 9.539321396098707218e-02
1.449920734858519689e+00 -3.818419915916535512e-01 -1.525705203568989310e+00 9.564938550631378600e-02
1.458275036790233292e+00 -3.837609480263328154e-01 -1.530092408370270496e+00 9.592268674037182641e-02
1.466848922442877345e+00 -3.856864495899319789e-01 -1.534414548575969039e+00 9.621173388345478916e-02
1.475607517885859643e+00 -3.875967594747646849e-01 -1.538677428378706136e+00 9.652172165778252766e-02
1.484566165119453274e+00 -3.894991746354996009e-01 -1.542847782683530067e+00 9.685176292714288426e-02
1.493694759933361649e+00 -3.913744376146610637e-01 -1.546927266890843589e+00 9.720654085435745384e-02
1.503003895544502422e+00 -3.932274237538501138e-01 -1.550887872904521458e+00 9.758555520480607925e-02
1.512467254066640399e+00 -3.950410095958904466e-01 -1.554728338926951059e+00 9.799301567683547931e-02
1.522091503247889444e+00 -3.968181719336231206e-01 -1.558425073901742453e+00 9.842870572774423121e-02
1.531853316318571467e+00 -3.985436732246183666e-01 -1.561974893783129703e+00 9.889638233093295261e-02
1.541756104125938442e+00 -4.002190573082048397e-01 -1.565357980328016430e+00 9.939601447674444035e-02
1.551778891738460286e+00 -4.018308035072221118e-01 -1.568570030010514760e+00 9.993091298392986488e-02
1.561922380448991454e+00 -4.033794401253092410e-01 -1.571594507418959230e+00 1.005011388916180887e-01
1.572167437979872684e+00 -4.048530565972829343e-01 -1.574426635837795629e+00 1.011095526481730345e-01
1.582512509473953610e+00 -4.062515403640825640e-01 -1.577052792777260182e+00 1.017562191330228377e-01
1.592939905380130750e+00 -4.075645308597083960e-01 -1.579468246632121042e+00 1.024435370525489247e-01
1.603446196148435421e+00 -4.087916089236202644e-01 -1.581662009906129152e+00 1.031714935978707004e-01
1.614014827257320706e+00 -4.099239358079551643e-01 -1.583629809024308832e+00 1.039420110295119215e-01
1.624640821445759276e+00 -4.109610796260210197e-01 -1.585363082523261857e+00 1.047549259762972501e-01
1.635308529564453162e+00 -4.118957135267134473e-01 -1.586858340288653579e+00 1.056116700849410173e-01
1.646011712713582709e+00 -4.127276449300187333e-01 -1.588109288149306186e+00 1.065118674610106425e-01
1.656735463362403182e+00 -4.134510548456549195e-01 -1.589113471550576140e+00 1.074564491946433942e-01
1.667472536315976583e+00 -4.140661980818128307e-01 -1.589866739951640406e+00 1.084447780392528426e-01
1.678208657128187564e+00 -4.145687546447221483e-01 -1.590367864382448149e+00 1.094772820552999126e-01
1.688935806183192279e+00 -4.149595888887155914e-01 -1.590614737273670087e+00 1.105530287994406502e-01
1.699640279135754772e+00 -4.152358574549256387e-01 -1.590607492233205855e+00 1.116719508322151222e-01
1.710313495125000749e+00 -4.153991493310901228e-01 -1.590345977544787459e+00 1.128328028461329791e-01
1.720942293528845868e+00 -4.154480556373614242e-01 -1.589831780737658518e+00 1.140350410335174564e-01
1.731517729423236673e+00 -4.153849582201556423e-01 -1.589066625133439992e+00 1.152771060482487980e-01
1.742027187758920626e+00 -4.152098170043211356e-01 -1.588053604029515897e+00 1.165580089735480523e-01
1.752461541790040656e+00 -4.149258299492346591e-01 -1.586796235919739395e+00 1.178758910697763757e-01
1.762808744249305226e+00 -4.145342354670342733e-01 -1.585299137469947217e+00 1.192293611201106079e-01
1.773059653680223891e+00 -4.140390295851991698e-01 -1.583567539649937128e+00 1.206162898046915927e-01
1.783202825832239657e+00 -4.134426155501585431e-01 -1.581607570425367371e+00 1.220349363751088989e-01
1.793229255476998185e+00 -4.127497334400763718e-01 -1.579426085221490084e+00 1.234829414144325288e-01
1.803128142913783538e+00 -4.119638177353363573e-01 -1.577030685621295669e+00 1.249582749649719160e-01
1.812890752374769487e+00 -4.110902692364181155e-01 -1.574429756684428305e+00 1.264583965505314267e-01
1.822506970514666369e+00 -4.101334050811110687e-01 -1.571632313931073499e+00 1.279810519375800537e-01
1.831968444842910992e+00 -4.090991816896972222e-01 -1.568648169720622709e+00 1.295235737441414459e-01
1.841265785215666861e+00 -4.079926412712654438e-01 -1.565487675041587368e+00 1.310835498430943657e-01
1.850391115197907110e+00 -4.068201768681291575e-01 -1.562161959517477605e+00 1.326582417658166424e-01
1.859335795365982147e+00 -4.055873955164878142e-01 -1.558682615143256678e+00 1.342451442544659035e-01
1.868092495742264214e+00 -4.043010016717966115e-01 -1.555061971190081493e+00 1.358415020671763507e-01
1.876653342348100884e+00 -4.029670104611516868e-01 -1.551312752558114294e+00 1.374447772557061409e-01
1.885011598767844632e+00 -4.015923133434786685e-01 -1.547448363203053567e+00 1.390522479520293342e-01
1.893160155829933355e+00 -4.001831858116655649e-01 -1.543482541063503799e+00 1.406613974969189718e-01
1.901092894054052795e+00 -3.987465886785596658e-01 -1.539429632655395119e+00 1.422695813801646836e-01
1.908803451361151593e+00 -3.972889235784610173e-01 -1.535304258684694778e+00 1.438743502910194150e-01
1.916286324915464911e+00 -3.958171144536180019e-01 -1.531121568952766632e+00 1.454731736317768365e-01
1.923535864003957041e+00 -3.943375716221281801e-01 -1.526896927089060219e+00 1.470637068293177141e-01
1.930547159019917025e+00 -3.928570906124783657e-01 -1.522646139507042751e+00 1.486435617752006055e-01
1.937315216620840941e+00 -3.913819917034158102e-01 -1.518385163653305003e+00 1.502105272669773950e-01
1.943835674841886574e+00 -3.899188670046577210e-01 -1.514130307936161657e+00 1.517623783762171719e-01
1.950104125756091600e+00 -3.884738674762058808e-01 -1.509897965079024296e+00 1.532970576287109310e-01
1.956116688574337514e+00 -3.870533239050804597e-01 -1.505704782088758575e+00 1.548125166936181185e-01
1.961869451635310346e+00 -3.856631576726780031e-01 -1.501567418410721944e+00 1.563068648241410785e-01
1.967358929538119527e+00 -3.843093968799957127e-01 -1.497502686401216199e+00 1.577782374252640618e-01
1.972581601661766326e+00 -3.829976907081634185e-01 -1.493527332773250560e+00 1.592249173315327393e-01
1.977534274642456458e+00 -3.817337382680482949e-01 -1.489658150907211320e+00 1.606452257768642145e-01
1.982213698993947837e+00 -3.805228894138000806e-01 -1.485911783371346218e+00 1.620376212621627843e-01
1.986616854386355380e+00 -3.793705008235762066e-01 -1.482304807913094491e+00 1.634006092470339233e-01
1.990740629499612169e+00 -3.782816086741737638e-01 -1.478853558500373477e+00 1.647328226415865071e-01
1.994582044426290723e+00 -3.772612238981160604e-01 -1.475574187104316204e+00 1.660329471940107937e-01
1.998137981795770290e+00 -3.763140642830010707e-01 -1.472482500632874114e+00 1.672997870167635126e-01
2.001405358082434915e+00 -3.754447987088652128e-01 -1.469594000730536143e+00 1.685322031813055732e-01
2.004380896416613655e+00 -3.746578280551348672e-01 -1.466923734082515418e+00 1.697291671507564770e-01
2.007061256527811643e+00 -3.739574864244605834e-01 -1.464486312476507068e+00 1.708897105367103153e-01
2.009442841614253794e+00 -3.733478617667524424e-01 -1.462295774178621777e+00 1.720129688520851685e-01
2.011521895004792615e+00 -3.728329605746026343e-01 -1.460365586460980580e+00 1.730981407555175211e-01
2.013294335077172370e+00 -3.724165604015179931e-01 -1.458708516035385205e+00 1.741445241546431266e-01
2.014755825413331536e+00 -3.721023432117211982e-01 -1.457336616165620269e+00 1.751514835793105129e-01
2.015901633106533364e+00 -3.718937730047036649e-01 -1.456261104445320864e+00 1.761184803530863319e-01
2.016726678157046315e+00 -3.717942018688394912e-01 -1.455492336488949601e+00 1.770450470134215804e-01
2.017225411646716537e+00 -3.718067667479948990e-01 -1.455039689617203535e+00 1.779308130247382047e-01
2.017391849330387288e+00 -3.719344712418403698e-01 -1.454911524950808221e+00 1.787754854157314610e-01
